x
0.0650035533704795
0.0563391336821951
0.0085038446530234
0.000616414309479296
0.0389916705375072
0.00244725394877605
0.00772815315867774
0.0476407637237571
0.0686921030748636
0.0380160110013094
0.0527336431550793
0.0185263714694884
0.0275154683331493
0.0310934403911233
0.0445123530516867
0.0688920327520464
0.0216352210845798
0.0665601921093184
0.0726949320116546
0.0675592026149388
0.0231645435153041
0.0394347528170329
0.0733538414700888
0.048940109310206
0.0535924453404732
0.0449946099717636
0.0313590033561923
0.0561741965997498
0.0711794355825987
0.0351573309861124
0.0717967512609903
0.0379808592202608
0.0518123457441106
0.0739422208629548
0.0717533461516723
0.00217449471820146
0.0167980922735296
0.0645463835389819
0.0649339667055756
0.00977236400940455
0.0486949107027613
0.0535211006586906
0.0343787026824430
0.0179888876387849
0.0201591681805439
0.00110927337664180
0.0178183510783128
0.0371729675971437
0.0363706456613727
0.00165320042870007
0.0321121942426544
0.0484788390516769
0.0137062829278875
0.0615738554333802
0.0472943601140287
0.070490072487155
0.00241001973627135
0.031757178332191
0.00701631893170997
0.0419379494385794
0.0199999546457548
0.0673104897025041
0.04014439463499
0.00229859293322079
0.0352389627951197
0.0301103249948937
0.0720250240643509
0.0469370221719146
0.00522088535944931
0.071085649804445
0.017066670244094
0.0611794014112093
0.0108202364179306
0.0638606049818918
0.0131883136869874
0.0483955862524454
0.0160123271110933
0.0188496586633846
0.0143539725628216
0.074042052438017
0.0687668305879924
0.065728190378286
0.0163088797184173
0.0586318722227588
0.039053183211945
0.0673785245628096
0.00271029099239968
0.0739967380883172
0.0493149182118941
0.00534912222647108
0.0343634612916503
0.0134102139563765
0.000840101059293374
0.0519954079587478
0.0429304639867041
0.0173379601095803
0.0534442949399818
0.00378328653168865
0.0371637950011063
0.0197263487381861
