x
0.0496681971708313
0.0493129583774135
0.0506298128049821
0.0462383937556297
0.0418710835278034
0.00994679220020771
0.092335837893188
0.0855736903613433
0.0179808581247926
0.00484401588328183
0.077590552251786
0.0514221562771127
0.085695818066597
0.0989031795645133
0.0437059279065579
0.0201910631265491
0.0627922253217548
0.0520310307154432
0.00339286853559315
0.0433190976036713
0.0644882586784661
0.0277874353108928
0.00231150304898620
0.0696290436666459
0.0903378664981574
0.0978657701984048
0.00718684610910714
0.00352909204084426
0.0382408865727484
0.0906616932246834
0.0929459660081193
0.0417351619340479
0.0775079720187932
0.0540487137623131
0.0973484039539471
0.0500594524666667
0.0877097881166264
0.0160669914679602
0.0887389690382406
0.0177457956597209
0.0339494858169928
0.0285809151362628
0.0826079956023023
0.0355912877712399
0.0359413586556911
0.094854200282134
0.0706705044489354
0.0880644420394674
0.0670340080978349
0.0259626941755414
0.0361842943355441
0.00906203999184072
0.0254536143271253
0.00853559710085392
0.0323478494305164
0.0417109640780836
0.0971154073718935
0.0688751129666343
0.0220025218091905
0.0950352520216256
0.0685249240603298
0.0544332985999063
0.0756216253619641
0.0727751101600006
0.0221425909316167
0.0269048004643992
0.018985204375349
0.0416498645441607
0.0969439492095262
0.0116591710830107
0.0711774663766846
0.00772225148975849
0.0730380164459348
0.0896395155694336
0.0635937719838694
0.0594700200250372
0.00630837483331561
0.0182750856969506
0.0278048069914803
0.063868775870651
0.0144005458103493
0.0209754980634898
0.00199604844674468
0.0781902161892504
0.0162545522209257
0.0660707282833755
0.0682562713744119
0.0149124440038577
0.0774830931564793
0.0212015318451449
0.078748831897974
0.0199751664185897
0.0400876150000840
0.076318860379979
0.0063688378315419
0.0680034098448232
0.099537621694617
0.073595566325821
0.069280261057429
0.0838712366996333
