x
6.80138454499243
0.195584302996382
9.04586172821594
3.24108661921034
3.03611418573137
1.67154281173762
4.5307343322122
3.25100737076782
0.397810100071097
1.08143376805349
0.130556470355366
0.535516537540077
4.37081753599205
0.105722062164277
7.39084597606081
0.738383217309846
4.00389275425236
4.01453817802163
0.349784418678445
0.319076451651454
1.48070603772218
0.817047856165836
2.74768486204702
0.570666529326271
0.673137441449545
0.106219133462930
3.72243732522549
9.72042324126595
0.496412393169662
0.328276450720072
9.11461287390537
0.210870014358946
0.194069929897945
0.233055431165176
0.339577135093628
1.0192012538535
4.80794032720225
0.137788378608128
1.45208234962206
4.53368458259090
0.345682152141560
3.00817972851174
1.08819480624595
1.6593805777891
3.90111401760099
8.61181972095886
0.218312221611115
0.246013698361563
0.99622855623632
0.679520857516857
0.170328549567979
0.462661832111590
0.280345750555469
0.418601007683614
0.186799948357243
2.41355908188195
3.25971077806472
0.339385010800286
0.432159198256626
1.59518866206432
0.964623545791759
0.786229353610465
0.29637291741633
0.110947645867500
0.771920304184384
2.19354544927217
4.65990586739563
0.605000831108358
0.510441616782737
1.38494364808474
8.79434014155905
0.892670327119852
1.28178240418588
0.83482758093697
2.27684861611054
0.701477383043908
2.04206928125652
0.144687592244621
3.05589547547191
0.759299006979211
2.07687624516241
1.32046140162258
5.75386546108028
0.4362017083505
5.3326472659439
5.36479133085924
0.99103072460027
0.112138283690522
0.888375960253487
0.439203330386778
0.770575909949643
2.28059102484734
2.60515661131872
2.75744656693926
0.45759198548288
6.16507254600732
2.51195426551120
1.05264144754855
0.153788457306553
3.00466234250058
