x
8.25535221770406
2.811207073275
4.09801126504317
3.73500330420211
6.80622791917995
7.161970439367
2.26335185393691
8.89068385399878
7.81643251236528
8.67709419038147
8.62669252604246
5.4418286010623
7.22978858789429
10.7230358994566
10.6695122299716
10.2861592550762
5.05434392299503
8.95114691508934
9.48687323648483
2.15793734695762
4.20325325848535
7.22283344063908
11.8916959716007
7.28815150959417
3.1492211651057
8.2410819507204
9.36142156645656
8.282255272381
4.97629767330363
6.0456818905659
6.74667435511947
9.75876767234877
2.48693200340495
9.02931997133419
2.33419082174078
7.15025574248284
3.10638287849724
10.4355305251665
7.5390002252534
10.0171856679954
11.3697749287821
6.14753446821123
2.02751422347501
9.68929857993498
9.63616263866425
4.3985511274077
6.28985737264156
2.93706175219268
4.40637741982937
7.35174328600988
7.11331795249134
7.59228946454823
4.83129502320662
11.5506926160306
8.02830557851121
4.15944844763726
4.95947013422847
3.65498792426661
7.10249515529722
2.97495869034901
4.49108284479007
4.32030131621286
7.42269518133253
11.4718648749404
6.81180593371391
4.58185971761122
11.8028688295744
5.28382638748735
11.7937202546746
8.2822108110413
6.5789446379058
8.61477349465713
6.05335048213601
9.35677821096033
11.3268329137936
3.83780337683856
7.7671119319275
2.7577972789295
8.40903142280877
2.37886176258326
5.81212994921952
4.61107609607279
9.37830446800217
10.8179699541070
7.3501104703173
6.62844350608066
5.28346027061343
5.89254276640713
8.33279852103442
11.9055204796605
8.8395942938514
8.42760411603376
10.3488970506005
3.30679903784767
2.15872618881986
10.8809288339689
3.23373518930748
4.8498043329455
3.25772174214944
10.0709248734638
