x
0.0640774416592903
0.0338966233213432
0.00898282224219292
0.0314915153463371
0.00684434656752273
0.0108519515963271
0.0387406815811992
0.00934081987664103
0.0556271224510856
0.0315881346170790
0.00329680104320869
0.0338219315460883
0.0624965311987326
0.0227389973923564
0.00675115415174514
0.00414109847182408
0.0019971558698453
0.0419185086949728
0.0126808675969951
0.0527708721859381
0.0679729015994817
0.0542529144305736
0.0551672959923744
0.0304558916059323
0.0593077069465071
0.0246418436602689
0.0388948320085183
0.0660733699537814
0.00244628315651789
0.0378250640463084
0.0374062411189079
0.053846891395282
0.0184492670847103
0.0503863086970523
0.0337757675996982
0.00484573231963441
0.0252681802599691
0.0378129117581993
0.0249363746037707
0.0651520172115415
0.0202490268461406
0.0510721713327803
0.0220701645691879
0.00403004638617858
0.0402795792254619
0.070739438440185
0.0200997078544460
0.0743620290989056
0.0124365744213574
0.0137300620586611
0.0643560396353714
0.0492607052163221
0.0174734896761365
0.0194104913822375
0.0196334880227223
0.062873397495132
0.0164853771058843
0.0101366709023714
0.0603756274445914
0.0616288254018873
0.055160787336994
0.0663702257038094
0.0137807506355457
0.00604627178609371
0.0316234748568386
0.0490782978762873
0.00626516927778721
0.0292904085754417
0.00897235783888027
0.0450360837918706
0.0710471526659094
0.0122628810913302
0.049850949337706
0.00327477049827576
0.0177470396249555
0.0149007794703357
0.0627798145390116
0.0531369815915823
0.00356331514939666
0.0115632686167955
0.0547285419651307
0.0392570123374462
0.0745635201074183
0.0631471830913797
0.0276349975178018
0.0400690106651746
0.0647903715991415
0.0327867896794342
0.0706472645960748
0.0740031775203533
0.0362316762981936
0.0284708620868623
0.0649669683873653
0.0457746218722314
0.00981302229641005
0.0315933240638114
0.0468410295024514
0.0145389254158363
0.0384382550963201
0.0215532530592754
