x
22.0453775191435
0.721501389053696
0.313702895407870
187.068282182161
19.0302785131464
90.6663205118764
265.731517711061
94.1426993157791
2.24425411487508
3.08082537718262
0.601455426427669
52.633735961657
0.102446662160255
54.9212088359456
0.36602160381293
326.13167791276
4.88358074927434
1.24593657675834
155.596265792338
665.129257341902
827.900582244649
137.639439919757
0.485666882300612
3.59496235716813
20.8393093772487
0.404139834371408
196.538413108225
10.3673962714662
286.064429714705
0.124252893191911
49.5021012608813
38.6913706820576
4.4892136750938
31.953531394619
496.538360234266
0.154326975389894
0.167172050678559
2.00013816040207
555.488788853216
4.36236834505059
0.107096798728310
0.375837487463972
102.237353010908
0.226096499310103
7.02389002402478
0.256168352559763
0.16917890112009
1.11056016622621
0.212295338078804
0.259710705662608
14.6890436422646
65.7048973683388
35.9764679024801
0.118119634599045
101.562937644329
1.11879070344811
21.4957910425083
25.6019751939773
127.183741941324
0.171124069615074
92.6848282226242
3.87272886126936
73.6079129038954
743.586127979878
322.136912197038
196.173331709805
218.280713003514
20.2240859904220
1.96183857500819
0.220159528092340
32.4416585430826
3.18139171603958
1.07137450711116
18.8679170957360
296.71295851425
5.32136769640728
20.0517484239077
0.282514492804266
759.834795296073
47.3188931130499
8.47004730751844
243.775520665499
17.174849943625
6.68429498616876
0.128166509428692
3.16827168834724
194.152728767044
520.227627586351
0.182826128006957
19.0990871544391
167.664645769019
0.107218854547439
79.6459359040706
3.82858576591222
0.900433219205264
284.462730085364
416.248131419255
0.829977964671124
434.464974646857
0.125216399842755
