x
0.0515302930323186
0.0171449202797063
0.0092312961134099
0.0033073010477761
0.000708462377800278
0.00257944547985328
0.0100394327819051
0.00648436672465019
0.0690659598672726
0.0126325667809777
0.000959647160632791
0.0234835792731345
0.0645589252595078
0.0116228164940518
0.0093905299275588
0.00374618856032128
0.000205998483693139
0.0202739778054957
0.00302206378219811
0.0139683602448927
0.0368440042219385
0.0319769519547236
0.0253134934857022
0.00780582227508876
0.0152650926622277
0.00968949570581351
0.00812898347445368
0.00757645167726202
0.000265032641614595
0.0149152666900328
0.0423378165512914
0.0511464068152413
0.00223142878989324
0.00792836909634507
0.0255818160510404
0.00608129011972649
0.00650058897674108
0.00395137347221722
0.0251789345808617
0.0108958219622432
0.0035282322791709
0.0433236740310283
0.0430117168095322
0.00227839494355607
0.0104186120660435
0.0411957584870098
0.0137672828095424
0.0701059792493001
0.00509013344611434
0.00238555089031102
0.0087890691789256
0.00672970923137269
0.0328348041278881
0.00932043481744339
0.00211488931676620
0.0127443509253486
0.00264847299304242
0.00850351449795958
0.0239114417150543
0.0202253840895566
0.106022656452539
0.0743799836951241
0.00443172784387572
0.00168435193899056
0.0176713552917078
0.0574614661066477
0.00571191953431064
0.00706434747994381
0.00217778085211444
0.00814616059241846
0.0124328964415081
0.00581936256058924
0.0123339675175553
0.00175225131757218
0.00476495554237392
0.00341989943471669
0.00785645798665242
0.0739354170506721
0.00693356564079739
0.00488299593903046
0.0076258853678936
0.00432722694746859
0.107987000551722
0.0204335640509368
0.0426551175739857
0.0130978753018194
0.00835682229652168
0.0448907917191324
0.0121412098688246
0.0584866888106421
0.0555488852062232
0.0186711588434987
0.0998224548142104
0.0167741253788087
0.00189222197090886
0.00600617263993875
0.0111300053339469
0.00300225389743248
0.00615118471133194
0.0267759459959996
