x
0.000610432276204663
0.000589057827540123
0.000651190958851454
0.000587895511150261
0.00160969176259643
0.667869551070218
0.886514153870455
0.000738697245676753
0.00231504517801284
0.816713375267102
0.000158000499460827
0.532586803090662
0.855980544333082
0.000345005593105239
0.555121482835446
0.0753868203463517
0.000730236493716953
0.926793740679549
0.0153779198356973
0.00554713259576808
0.000262111593672759
0.0341183215515650
0.00482451995987104
0.00880942127190023
0.00243404831999019
0.104621321083610
0.86372839740155
0.006197119223261
0.000117909414137667
0.782779231288794
0.000157044672119810
0.0940325027514662
0.125805030156021
0.00548087540535363
0.219334368978409
0.0834919622535216
0.0955000965136545
0.00484370511053023
0.0152723047547896
0.0659408768614212
0.000249619205679843
0.00834819404925492
0.00993139088649437
0.285941084627193
0.241004278162107
0.00284426304705057
0.0207411484307132
0.639509709771917
0.00369468051220837
0.70651126739221
0.00124145202122427
0.122572317739835
0.000291960191632027
0.000359704053713266
0.0155895708573209
0.00370649662243287
0.00088722009847049
0.00130322206537923
0.000289669251871496
0.0199542872122052
0.0754539608356781
0.0430426001350915
0.000149145052274343
0.0087721595257312
0.243507478555302
0.00613509274910437
0.00344290888243740
0.0204963806670569
0.000194044327989765
0.00165409232896087
0.0599977483786857
0.06393531004125
0.0248720850991544
0.00963395906879703
0.222130705484559
0.0370581264669748
0.0141172912461228
0.00404084591334539
0.00118783293097574
0.914583388216986
0.0377236306414532
0.293127753958683
0.0182261735463274
0.000119583390828568
0.000228425677226312
0.0678432697782241
0.491367496690026
0.0330298635507933
0.0824296786747298
0.000889583274908887
0.000292667559673151
0.00415102977199967
0.694917705612359
0.474881195950071
0.000413194336002413
0.036703214397622
0.271118881939148
0.000140648481404403
0.490232863151078
0.247123426509380
